[
  {
    "$type": "_3D_graphics.Objects.Box, 3D-graphics",
    "density": 40,
    "transform": [
      [
        0.4055745907130241,
        0.0,
        -0.97922281062176586,
        0.0
      ],
      [
        0.0,
        1.0,
        0.0,
        0.0
      ],
      [
        1.9584456212435317,
        0.0,
        0.20278729535651205,
        3.0
      ],
      [
        0.0,
        0.0,
        0.0,
        1.0
      ]
    ]
  },
  {
    "$type": "_3D_graphics.Objects.Cylinder, 3D-graphics",
    "Height": 2.0,
    "Radius": 1.0,
    "density": 30,
    "transform": [
      [
        0.20278729535651205,
        0.0,
        -0.97922281062176586,
        3.0
      ],
      [
        0.0,
        1.0,
        0.0,
        0.0
      ],
      [
        0.97922281062176586,
        0.0,
        0.20278729535651205,
        0.0
      ],
      [
        0.0,
        0.0,
        0.0,
        1.0
      ]
    ]
  },
  {
    "$type": "_3D_graphics.Objects.Cone, 3D-graphics",
    "Height": 2.0,
    "Radius": 1.0,
    "density": 30,
    "transform": [
      [
        0.20278729535651205,
        0.0,
        -0.97922281062176586,
        -3.0
      ],
      [
        0.0,
        1.0,
        0.0,
        0.0
      ],
      [
        0.97922281062176586,
        0.0,
        0.20278729535651205,
        0.0
      ],
      [
        0.0,
        0.0,
        0.0,
        1.0
      ]
    ]
  },
  {
    "$type": "_3D_graphics.Objects.Sphere, 3D-graphics",
    "Radius": 1.0,
    "density": 200,
    "transform": [
      [
        0.20278729535651205,
        0.0,
        -0.97922281062176586,
        0.0
      ],
      [
        0.0,
        1.0,
        0.0,
        0.0
      ],
      [
        0.97922281062176586,
        0.0,
        0.20278729535651205,
        -3.0
      ],
      [
        0.0,
        0.0,
        0.0,
        1.0
      ]
    ]
  }
]